0
113.551 -29.0276 88.3121 
0.866058 -4.599657e-05 0.499944 1.255015e-06 1.0 8.982934e-05 -0.499944 -7.716994e-05 0.866058
10
118.372 -84.808 88.1535 
0.852866 -0.173646 0.492409 0.150383 0.984808 0.086821 -0.500005 3.237573e-06 0.866023
20
132.875 -138.94 88.1358 
0.813797 -0.342018 0.46985 0.296197 0.939694 0.171006 -0.500002 3.786860e-06 0.866024
30
156.566 -189.752 88.1268 
0.75 -0.499998 0.433014 0.433012 0.866027 0.249996 -0.5 3.265835e-06 0.866026
60
274.11 -307.368 88.2865 
0.433112 -0.865979 0.249988 0.749983 0.50008 0.43295 -0.49994 -2.909880e-05 0.86606
0
113.551 -29.0276 88.3121 
0.866058 -4.599657e-05 0.499944 1.255015e-06 1.0 8.982934e-05 -0.499944 -7.716994e-05 0.866058
10
118.372 -84.808 88.1535 
0.852866 -0.173646 0.492409 0.150383 0.984808 0.086821 -0.500005 3.237573e-06 0.866023
0
113.505 -28.9875 88.1647 
0.866021 -6.308286e-07 0.500008 1.339051e-06 1.0 -1.057617e-06 -0.500008 1.585455e-06 0.866021
10
118.372 -84.808 88.1535 
0.852866 -0.173646 0.492409 0.150383 0.984808 0.086821 -0.500005 3.239040e-06 0.866023
20
132.875 -138.94 88.1358 
0.813797 -0.342018 0.46985 0.296197 0.939694 0.171006 -0.500002 3.786858e-06 0.866024
30
156.566 -189.752 88.1268 
0.75 -0.499998 0.433014 0.433012 0.866027 0.249996 -0.5 3.265835e-06 0.866026
40
188.71 -235.67 88.1376 
0.663415 -0.642786 0.383023 0.55667 0.766046 0.321391 -0.499999 1.907223e-06 0.866026
50
228.322 -275.292 88.1476 
0.556673 -0.766043 0.321392 0.663414 0.642789 0.38302 -0.499998 -8.393545e-07 0.866027
60
274.221 -307.433 88.1573 
0.433015 -0.866025 0.249998 0.75 0.500001 0.433011 -0.499998 -1.891428e-06 0.866027
0
113.543 -29.0102 88.222 
0.866026 -1.503009e-05 0.499999 1.322873e-05 1.0 7.147356e-06 -0.499999 4.245473e-07 0.866026
10
118.372 -84.808 88.1535 
0.852866 -0.173646 0.492409 0.150383 0.984808 0.086821 -0.500005 3.240087e-06 0.866023
20
132.875 -138.94 88.1358 
0.813797 -0.342018 0.46985 0.296197 0.939694 0.171006 -0.500002 3.786861e-06 0.866024
30
156.566 -189.752 88.1268 
0.75 -0.499998 0.433014 0.433012 0.866027 0.249996 -0.5 3.265835e-06 0.866026
40
188.71 -235.67 88.1376 
0.663415 -0.642786 0.383023 0.55667 0.766046 0.321391 -0.499999 1.907223e-06 0.866026
50
228.322 -275.292 88.1476 
0.556673 -0.766043 0.321392 0.663414 0.642789 0.38302 -0.499998 -8.393545e-07 0.866027
60
274.221 -307.433 88.1573 
0.433015 -0.866025 0.249998 0.75 0.500001 0.433011 -0.499998 -1.891428e-06 0.866027
0
141.488 9.64162 65.4731 
0.866023 -1.666074e-07 0.500004 1.125440e-06 1.0 -1.616088e-06 -0.500004 1.962294e-06 0.866023
10
146.33 -45.7013 65.4672 
0.852867 -0.173647 0.492408 0.150384 0.984808 0.086822 -0.500003 2.875059e-06 0.866024
20
160.712 -99.368 65.4571 
0.813797 -0.342018 0.469849 0.296198 0.939693 0.171007 -0.500002 3.522453e-06 0.866025
30
184.192 -149.73 65.4519 
0.75 -0.499998 0.433014 0.433013 0.866026 0.249997 -0.499999 2.748590e-06 0.866026
40
216.058 -195.249 65.456 
0.663415 -0.642786 0.383022 0.55667 0.766045 0.321391 -0.499998 1.449375e-06 0.866026
50
255.336 -234.534 65.465 
0.556672 -0.766043 0.321393 0.663414 0.642789 0.38302 -0.499998 -1.664716e-07 0.866027
60
300.841 -266.4 65.473 
0.433015 -0.866025 0.249999 0.75 0.500001 0.433011 -0.499998 -1.089032e-06 0.866027
0
134.234 -34.7772 68.4209 
0.866023 3.174230e-07 0.500004 8.627942e-07 1.0 -2.129228e-06 -0.500004 2.275361e-06 0.866023
10
139.04 -89.6567 68.4146 
0.852866 -0.173646 0.492408 0.150383 0.984808 0.086821 -0.500004 3.287431e-06 0.866023
20
153.293 -142.876 68.4032 
0.813797 -0.342018 0.469848 0.296198 0.939693 0.171007 -0.500001 3.143841e-06 0.866025
30
176.579 -192.821 68.3998 
0.750001 -0.499998 0.433013 0.433013 0.866026 0.249997 -0.499999 2.428105e-06 0.866026
40
208.173 -237.953 68.41 
0.663415 -0.642786 0.383022 0.55667 0.766046 0.321392 -0.499998 8.270377e-07 0.866026
50
247.121 -276.907 68.4192 
0.556672 -0.766043 0.321393 0.663414 0.642789 0.383021 -0.499998 -7.223386e-07 0.866027
60
292.244 -308.504 68.427 
0.433015 -0.866025 0.249999 0.75 0.500001 0.433011 -0.499998 -1.452821e-06 0.866027
0
134.002 -34.8903 68.3165 
0.8661 -4.359411e-05 0.49987 4.962642e-05 1.0 1.225614e-06 -0.49987 2.374527e-05 0.8661
10
139.039 -89.6567 68.4146 
0.852866 -0.173646 0.492408 0.150383 0.984808 0.086821 -0.500004 3.286070e-06 0.866023
20
153.293 -142.876 68.4032 
0.813797 -0.342018 0.469848 0.296198 0.939693 0.171007 -0.500001 3.143840e-06 0.866025
30
176.579 -192.821 68.3998 
0.750001 -0.499998 0.433013 0.433013 0.866026 0.249997 -0.499999 2.428105e-06 0.866026
40
208.173 -237.953 68.41 
0.663415 -0.642786 0.383022 0.55667 0.766046 0.321392 -0.499998 8.270377e-07 0.866026
50
247.121 -276.907 68.4192 
0.556672 -0.766043 0.321393 0.663414 0.642789 0.383021 -0.499998 -7.223386e-07 0.866027
60
292.244 -308.504 68.427 
0.433015 -0.866025 0.249999 0.75 0.500001 0.433011 -0.499998 -1.452821e-06 0.866027
0
134.219 -34.8412 68.4596 
0.866022 8.343986e-07 0.500006 -3.983878e-07 1.0 -9.787608e-07 -0.500006 6.484324e-07 0.866022
10
139.04 -89.6567 68.4146 
0.852866 -0.173646 0.492408 0.150383 0.984808 0.086821 -0.500004 3.287893e-06 0.866023
20
153.293 -142.876 68.4032 
0.813797 -0.342018 0.469848 0.296198 0.939693 0.171007 -0.500001 3.143841e-06 0.866025
30
176.579 -192.821 68.3998 
0.750001 -0.499998 0.433013 0.433013 0.866026 0.249997 -0.499999 2.428105e-06 0.866026
40
208.173 -237.953 68.41 
0.663415 -0.642786 0.383022 0.55667 0.766046 0.321392 -0.499998 8.270377e-07 0.866026
50
247.121 -276.907 68.4192 
0.556672 -0.766043 0.321393 0.663414 0.642789 0.383021 -0.499998 -7.223386e-07 0.866027
60
292.244 -308.504 68.427 
0.433015 -0.866025 0.249999 0.75 0.500001 0.433011 -0.499998 -1.452821e-06 0.866027
70
342.171 -331.786 68.4328 
0.296201 -0.939692 0.171009 0.813798 0.342022 0.469845 -0.499998 -1.679586e-06 0.866026
0
134.234 -34.7784 58.4219 
0.866023 2.486372e-07 0.500004 8.123105e-07 1.0 -1.904218e-06 -0.500004 2.055255e-06 0.866023
10
139.038 -89.6587 58.4153 
0.852867 -0.173647 0.492408 0.150383 0.984808 0.086821 -0.500003 3.013766e-06 0.866023
20
153.294 -142.879 58.4067 
0.813797 -0.342018 0.469849 0.296198 0.939693 0.171007 -0.500001 3.083675e-06 0.866025
30
176.578 -192.82 58.4043 
0.750001 -0.499998 0.433014 0.433013 0.866026 0.249997 -0.499999 2.408675e-06 0.866026
40
208.171 -237.952 58.4128 
0.663415 -0.642786 0.383022 0.55667 0.766046 0.321392 -0.499998 8.659214e-07 0.866026
50
247.119 -276.906 58.4213 
0.556672 -0.766043 0.321393 0.663414 0.642789 0.383021 -0.499998 -5.394779e-07 0.866027
60
292.243 -308.504 58.4285 
0.433015 -0.866025 0.249999 0.75 0.500001 0.433011 -0.499998 -1.270621e-06 0.866026
70
342.17 -331.785 58.4337 
0.2962 -0.939692 0.171009 0.813798 0.342022 0.469845 -0.499998 -1.536173e-06 0.866026
80
395.384 -346.043 58.4369 
0.150386 -0.984807 0.086823 0.852869 0.17365 0.492403 -0.499999 -1.536456e-06 0.866026
0
114.241 -34.7777 58.4222 
0.866022 -9.786611e-08 0.500006 9.501469e-07 1.0 -1.449948e-06 -0.500006 1.730766e-06 0.866022
10
119.345 -93.13 58.4144 
0.852866 -0.173647 0.492409 0.150383 0.984808 0.086822 -0.500004 2.962321e-06 0.866023
20
134.501 -149.716 58.4065 
0.813797 -0.342018 0.469849 0.296197 0.939693 0.171007 -0.500002 3.060073e-06 0.866024
30
159.26 -202.821 58.4043 
0.75 -0.499998 0.433014 0.433012 0.866026 0.249997 -0.5 2.824886e-06 0.866025
40
192.851 -250.81 58.4117 
0.663415 -0.642786 0.383022 0.55667 0.766046 0.321392 -0.499999 1.003255e-06 0.866026
50
234.264 -292.228 58.4211 
0.556672 -0.766043 0.321393 0.663414 0.642789 0.383021 -0.499998 -6.153319e-07 0.866026
60
282.243 -325.825 58.4286 
0.433015 -0.866025 0.249999 0.75 0.500001 0.433011 -0.499998 -1.390002e-06 0.866026
70
335.33 -350.579 58.434 
0.296201 -0.939692 0.171009 0.813798 0.342022 0.469845 -0.499999 -1.617873e-06 0.866026
80
391.911 -365.739 58.4371 
0.150386 -0.984807 0.086823 0.852869 0.17365 0.492403 -0.499999 -1.568652e-06 0.866026
90
450.265 -370.844 58.4391 
2.472185e-06 -1.0 -3.361506e-07 0.866026 1.972901e-06 0.499999 -0.499999 -1.527206e-06 0.866026
0
102.429 -23.1832 60.8202 
0.86605 -2.328217e-05 0.499958 -2.102224e-05 1.0 8.298397e-05 -0.499958 -8.237848e-05 0.86605
0
112.334 -23.1015 60.6691 
0.866022 -2.957826e-07 0.500006 1.067055e-06 1.0 -1.256606e-06 -0.500006 1.621782e-06 0.866022
10
117.348 -80.4275 60.6619 
0.852866 -0.173647 0.492409 0.150383 0.984808 0.086822 -0.500005 2.919813e-06 0.866023
20
132.238 -136.018 60.6528 
0.813797 -0.342018 0.46985 0.296197 0.939693 0.171007 -0.500002 3.356358e-06 0.866024
50
230.188 -275.926 60.8209 
0.556841 -0.765918 0.321399 0.663515 0.642938 0.382595 -0.499676 0.000209 0.866212
90
442.263 -353.197 60.7735 
-1.721992e-05 -1.0 -3.924051e-05 0.866061 -3.453132e-05 0.499938 -0.499938 -2.537581e-05 0.866061
0
112.383 -33.855 66.7163 
0.866031 1.987322e-06 0.49999 -3.174736e-05 1.0 5.101482e-05 -0.49999 -6.005379e-05 0.866031
0
97.7135 -34.1131 59.8944 
0.866217 -0.000125 0.499669 0.00019 1.0 -8.044985e-05 -0.499669 0.000165 0.866217
0
100.882 -21.7719 61.5037 
0.866052 -2.775882e-05 0.499954 -1.672235e-05 1.0 8.449020e-05 -0.499954 -8.153330e-05 0.866052
0
98.7489 -20.2307 61.8255 
0.86603 1.023918e-05 0.499993 -6.151005e-06 1.0 -9.824606e-06 -0.499993 5.432941e-06 0.86603
0
98.849 -20.2454 61.8533 
0.866021 -7.477238e-07 0.500007 1.229250e-06 1.0 -6.336566e-07 -0.500007 1.163394e-06 0.866021
0
99.4049 -18.9733 64.3628 
0.866029 9.267724e-06 0.499994 -5.468627e-06 1.0 -9.063578e-06 -0.499994 5.115037e-06 0.866029
0
99.4975 -18.9886 64.3886 
0.866021 -7.470757e-07 0.500007 1.249983e-06 1.0 -6.708636e-07 -0.500007 1.205983e-06 0.866021
10
104.522 -76.4671 64.3806 
0.852865 -0.173647 0.49241 0.150383 0.984808 0.086822 -0.500006 2.834150e-06 0.866022
20
119.451 -132.205 64.3717 
0.813796 -0.342018 0.469851 0.296197 0.939694 0.171007 -0.500003 3.454312e-06 0.866024
30
143.823 -184.503 64.3673 
0.750001 -0.499998 0.433014 0.433012 0.866027 0.249998 -0.5 1.109434e-06 0.866026
40
176.933 -231.795 64.3695 
0.663415 -0.642786 0.383023 0.55667 0.766046 0.321391 -0.499999 1.925127e-06 0.866026
50
217.725 -272.595 64.3804 
0.556672 -0.766043 0.321393 0.663414 0.642789 0.38302 -0.499998 -1.680662e-07 0.866026
60
264.985 -305.69 64.3889 
0.433015 -0.866025 0.249999 0.75 0.500001 0.433011 -0.499998 -1.327913e-06 0.866026
70
317.278 -330.074 64.3955 
0.296201 -0.939692 0.171009 0.813798 0.342022 0.469845 -0.499998 -1.731636e-06 0.866026
80
373.013 -345.007 64.3998 
0.150386 -0.984807 0.086823 0.852869 0.17365 0.492403 -0.499999 -1.758938e-06 0.866026
90
430.496 -350.036 64.402 
2.502959e-06 -1.0 -4.197469e-07 0.866026 1.957754e-06 0.499999 -0.499999 -1.614989e-06 0.866026
0
325.708 -482.262 165.628 
0.999998 -0.000233 -0.001723 0.000233 1.0 -8.379720e-05 0.001723 8.339558e-05 0.999999
0
82.3366 -41.3492 138.568 
0.865911 -4.247533e-05 0.500198 1.761052e-06 1.0 8.186849e-05 -0.500198 -7.000998e-05 0.865911
0
91.5986 -41.8807 138.464 
0.866023 1.156123e-06 0.500003 2.276168e-06 1.0 -6.254632e-06 -0.500003 6.554750e-06 0.866023
0
102.167 -14.6778 75.4433 
0.866068 -5.356614e-05 0.499926 3.357119e-06 1.0 0.000101 -0.499926 -8.608237e-05 0.866068
0
102.091 -14.6212 75.2862 
0.866022 -7.232771e-07 0.500007 1.338615e-06 1.0 -8.719738e-07 -0.500007 1.424465e-06 0.866022
10
106.946 -70.1243 75.2795 
0.852865 -0.173647 0.492411 0.150383 0.984808 0.086822 -0.500006 3.016539e-06 0.866022
20
121.363 -123.947 75.2686 
0.813796 -0.342018 0.469851 0.296197 0.939694 0.171007 -0.500004 3.966176e-06 0.866023
30
144.89 -174.446 75.2588 
0.750001 -0.499998 0.433013 0.433012 0.866027 0.249998 -0.499999 7.078808e-07 0.866026
40
176.872 -220.12 75.2614 
0.663415 -0.642786 0.383023 0.55667 0.766046 0.321391 -0.499999 2.159917e-06 0.866026
50
216.262 -259.52 75.2737 
0.556672 -0.766043 0.321393 0.663414 0.642789 0.38302 -0.499998 -2.193949e-08 0.866027
60
261.898 -291.477 75.283 
0.433015 -0.866025 0.249999 0.75 0.500001 0.433011 -0.499998 -1.408081e-06 0.866027
70
312.394 -315.024 75.2905 
0.296201 -0.939692 0.171009 0.813798 0.342022 0.469845 -0.499998 -1.881711e-06 0.866026
80
366.213 -329.444 75.2957 
0.150386 -0.984807 0.086823 0.852869 0.17365 0.492403 -0.499999 -1.931000e-06 0.866026
90
421.721 -334.299 75.2986 
2.558377e-06 -1.0 -5.945825e-07 0.866026 1.918330e-06 0.499999 -0.499999 -1.794110e-06 0.866026
0
102.129 -14.6544 75.3379 
0.866023 -1.014672e-05 0.500005 6.299737e-06 1.0 9.381927e-06 -0.500005 -4.975061e-06 0.866023
10
106.946 -70.1243 75.2795 
0.852865 -0.173647 0.492411 0.150383 0.984808 0.086822 -0.500006 3.016649e-06 0.866022
20
121.363 -123.947 75.2686 
0.813796 -0.342018 0.469851 0.296197 0.939694 0.171007 -0.500004 3.966179e-06 0.866023
30
144.89 -174.446 75.2588 
0.750001 -0.499998 0.433013 0.433012 0.866027 0.249998 -0.499999 7.078808e-07 0.866026
40
176.872 -220.12 75.2614 
0.663415 -0.642786 0.383023 0.55667 0.766046 0.321391 -0.499999 2.159917e-06 0.866026
50
216.262 -259.52 75.2737 
0.556672 -0.766043 0.321393 0.663414 0.642789 0.38302 -0.499998 -2.193949e-08 0.866027
60
261.898 -291.477 75.283 
0.433015 -0.866025 0.249999 0.75 0.500001 0.433011 -0.499998 -1.408081e-06 0.866027
70
312.394 -315.024 75.2905 
0.296201 -0.939692 0.171009 0.813798 0.342022 0.469845 -0.499998 -1.881711e-06 0.866026
80
366.213 -329.444 75.2957 
0.150386 -0.984807 0.086823 0.852869 0.17365 0.492403 -0.499999 -1.931000e-06 0.866026
90
421.721 -334.299 75.2986 
2.558377e-06 -1.0 -5.945825e-07 0.866026 1.918330e-06 0.499999 -0.499999 -1.794110e-06 0.866026
0
123.938 -6.63541 146.057 
0.866024 7.797549e-05 0.500002 -5.342788e-05 1.0 -6.341104e-05 -0.500002 2.820142e-05 0.866024
0
124.025 -6.57802 146.126 
0.866022 -1.925298e-07 0.500005 2.157070e-06 1.0 -3.351048e-06 -0.500005 3.980629e-06 0.866022
10
128.844 -60.6702 146.6 
0.85282 -0.173641 0.49249 0.150369 0.984809 0.086834 -0.500087 1.496336e-06 0.865975
20
128.844 -60.6702 146.6 
0.85282 -0.173641 0.49249 0.150369 0.984809 0.086834 -0.500087 1.496336e-06 0.865975
30
165.832 -162.69 145.196 
0.750041 -0.500001 0.432941 0.43303 0.866025 0.249973 -0.499924 -1.392939e-05 0.866069
40
197.149 -207.383 145.71 
0.663434 -0.642788 0.382986 0.556678 0.766044 0.321381 -0.499965 -1.498049e-05 0.866046
50
235.618 -245.897 146.09 
0.556673 -0.766044 0.321391 0.663414 0.642789 0.383021 -0.499997 -2.729480e-06 0.866027
60
280.206 -277.122 146.11 
0.433016 -0.866025 0.249997 0.75 0.500001 0.433012 -0.499997 -3.424063e-06 0.866027
70
329.546 -300.129 146.123 
0.296201 -0.939692 0.171007 0.813798 0.342022 0.469845 -0.499998 -3.299910e-06 0.866027
80
382.134 -314.219 146.132 
0.150387 -0.984807 0.086822 0.852869 0.17365 0.492402 -0.499998 -2.915703e-06 0.866026
90
436.373 -318.963 146.137 
2.851104e-06 -1.0 -1.197386e-06 0.866026 1.870440e-06 0.499999 -0.499999 -2.462516e-06 0.866026
30
154.75 -183.871 146.5 
0.74993 -0.499967 0.433171 0.432973 0.866045 0.250003 -0.500139 6.607084e-05 0.865945
30
171.274 -173.716 145.718 
0.750013 -0.499999 0.432991 0.433017 0.866026 0.24999 -0.499976 -3.108030e-06 0.866039
50
235.589 -250.422 146.049 
0.556673 -0.766043 0.321392 0.663414 0.642789 0.38302 -0.499998 -8.282941e-07 0.866027
50
248.445 -235.099 146.035 
0.556674 -0.766044 0.32139 0.663414 0.642789 0.383021 -0.499997 -2.732602e-06 0.866027
0
112.662 -29.7387 146.324 
0.866087 0.000128 0.499893 -0.000171 1.0 4.056049e-05 -0.499893 -0.00012 0.866087
50
221.895 -265.715 146.458 
0.556353 -0.765941 0.322188 0.66319 0.64291 0.383204 -0.500649 0.000475 0.86565
60
266.726 -296.552 146.052 
0.433016 -0.866025 0.249997 0.75 0.500001 0.433012 -0.499998 -3.704354e-06 0.866027
70
315.405 -319.251 146.065 
0.296202 -0.939692 0.171007 0.813798 0.342022 0.469845 -0.499998 -3.540315e-06 0.866027
80
367.289 -333.152 146.074 
0.150387 -0.984807 0.086822 0.852869 0.17365 0.492403 -0.499998 -3.131526e-06 0.866026
90
420.802 -337.832 146.08 
3.028311e-06 -1.0 -1.329065e-06 0.866026 1.958065e-06 0.499999 -0.499999 -2.665157e-06 0.866026
50
220.269 -268.948 148.634 
0.556401 -0.765948 0.32209 0.663215 0.642903 0.383174 -0.500564 0.000417 0.865699
50
221.049 -268.981 148.242 
0.556674 -0.766044 0.32139 0.663413 0.642789 0.383022 -0.499997 -3.465200e-06 0.866027
50
233.905 -253.657 148.245 
0.556674 -0.766044 0.32139 0.663413 0.642789 0.383021 -0.499997 -3.132722e-06 0.866027
50
266.042 -215.348 148.252 
0.556673 -0.766044 0.321391 0.663414 0.642789 0.38302 -0.499997 -2.336869e-06 0.866027
0
180.773 -33.0868 147.897 
0.866028 -1.661070e-05 0.499996 0.000112 1.0 -0.000161 -0.499996 0.000196 0.866028
0
131.061 -32.8221 177.65 
0.866063 -2.438201e-06 0.499935 2.697459e-05 1.0 -4.185248e-05 -0.499935 4.973242e-05 0.866063
10
135.383 -82.9602 178.211 
0.852868 -0.173647 0.492406 0.15039 0.984808 0.086811 -0.5 1.471317e-05 0.866026
0
130.257 -33.2098 178.81 
0.86631 6.607364e-05 0.499507 -4.948605e-05 1.0 -4.645256e-05 -0.499507 1.552366e-05 0.86631
0
131.06 -32.782 197.856 
0.866039 2.232202e-06 0.499977 2.268096e-05 1.0 -4.375162e-05 -0.499977 4.923056e-05 0.866039
0
131.11 -32.9164 148.828 
0.866047 -2.461648e-05 0.499963 -2.756269e-05 1.0 9.698139e-05 -0.499963 -9.777075e-05 0.866047
0
273.671 -75.384 146.615 
0.866025 1.435592e-05 0.5 -1.333328e-06 1.0 -2.640245e-05 -0.5 2.219853e-05 0.866025
60
301.306 -243.142 144.974 
0.432977 -0.866033 0.250037 0.749964 0.499987 0.43309 -0.500086 1.151637e-06 0.865976
50
260.462 -214.281 144.594 
0.556673 -0.766044 0.321391 0.663414 0.642789 0.38302 -0.499997 -2.132892e-06 0.866027
50
273.315 -198.957 144.597 
0.556673 -0.766044 0.321391 0.663414 0.642789 0.38302 -0.499996 -1.888407e-06 0.866027
50
247.606 -229.604 144.592 
0.556673 -0.766044 0.321391 0.663414 0.642789 0.383021 -0.499997 -2.417027e-06 0.866027
40
209.597 -191.553 144.607 
0.663412 -0.642785 0.38303 0.556669 0.766047 0.321392 -0.500005 5.343444e-06 0.866023
40
209.544 -191.446 143.853 
0.663456 -0.642784 0.382955 0.556686 0.766047 0.32136 -0.499927 -2.256445e-05 0.866068
50
247.606 -229.604 144.592 
0.556673 -0.766044 0.321391 0.663414 0.642789 0.383021 -0.499997 -2.363492e-06 0.866027
50
260.461 -214.28 144.593 
0.556673 -0.766044 0.321391 0.663414 0.642789 0.38302 -0.499997 -2.245127e-06 0.866027
50
260.528 -214.294 174.452 
0.556681 -0.766044 0.321377 0.663418 0.642788 0.383014 -0.499983 -9.248159e-06 0.866036
50
260.46 -214.28 144.594 
0.556673 -0.766044 0.321391 0.663414 0.642789 0.38302 -0.499997 -2.241384e-06 0.866027
60
301.687 -243.153 144.611 
0.433016 -0.866025 0.249997 0.75 0.500001 0.433011 -0.499997 -2.838007e-06 0.866027
70
347.304 -264.426 144.623 
0.296201 -0.939692 0.171008 0.813798 0.342022 0.469845 -0.499998 -2.882929e-06 0.866027
80
395.926 -277.454 144.631 
0.150387 -0.984807 0.086822 0.852869 0.17365 0.492402 -0.499998 -2.649984e-06 0.866027
90
446.074 -281.84 144.636 
2.672579e-06 -1.0 -1.118853e-06 0.866026 1.755099e-06 0.499999 -0.499999 -2.305242e-06 0.866026
50
260.445 -214.283 114.692 
0.556672 -0.766037 0.321409 0.663417 0.642796 0.383003 -0.499995 2.170847e-05 0.866028
50
247.614 -229.605 144.548 
0.556676 -0.766044 0.321386 0.663415 0.642789 0.383018 -0.499992 -5.240620e-06 0.86603
50
247.606 -229.604 144.59 
0.556674 -0.766044 0.32139 0.663414 0.642789 0.383021 -0.499997 -2.591887e-06 0.866027
60
291.687 -260.475 144.61 
0.433016 -0.866025 0.249997 0.75 0.500001 0.433011 -0.499997 -3.109097e-06 0.866027
70
340.464 -283.22 144.623 
0.296201 -0.939692 0.171008 0.813798 0.342022 0.469845 -0.499998 -3.054359e-06 0.866027
80
392.453 -297.15 144.632 
0.150387 -0.984807 0.086822 0.852869 0.17365 0.492402 -0.499998 -2.725913e-06 0.866026
90
446.074 -301.84 144.637 
2.721271e-06 -1.0 -1.094273e-06 0.866026 1.809557e-06 0.499999 -0.499999 -2.308301e-06 0.866026
90
446.074 -301.84 144.637 
2.725325e-06 -1.0 -1.085218e-06 0.866026 1.817596e-06 0.499999 -0.499999 -2.302486e-06 0.866026
40
209.854 -191.705 144.491 
0.663401 -0.642786 0.383046 0.556667 0.766046 0.321398 -0.500021 1.350318e-05 0.866013
50
241.178 -237.266 144.591 
0.556673 -0.766044 0.321391 0.663414 0.642789 0.383021 -0.499997 -2.511040e-06 0.866027
50
234.751 -244.928 144.588 
0.556674 -0.766044 0.32139 0.663414 0.642789 0.383021 -0.499997 -2.862189e-06 0.866027
50
221.896 -260.252 144.586 
0.556674 -0.766044 0.321391 0.663413 0.642789 0.383021 -0.499997 -3.028326e-06 0.866027
40
179.41 -217.381 144.799 
0.663378 -0.642763 0.383127 0.556644 0.766065 0.321389 -0.500077 6.341358e-05 0.865981
50
221.896 -260.252 144.59 
0.556673 -0.766043 0.321391 0.663413 0.642789 0.383021 -0.499997 -2.517868e-06 0.866027
50
221.896 -260.252 144.585 
0.556674 -0.766044 0.32139 0.663413 0.642789 0.383021 -0.499997 -3.132783e-06 0.866027
60
271.686 -295.118 144.61 
0.433016 -0.866025 0.249997 0.75 0.500001 0.433012 -0.499998 -3.559205e-06 0.866027
70
326.782 -320.809 144.624 
0.296201 -0.939692 0.171007 0.813798 0.342022 0.469845 -0.499998 -3.324411e-06 0.866027
80
385.506 -336.543 144.633 
0.150387 -0.984807 0.086822 0.852869 0.17365 0.492403 -0.499998 -2.816879e-06 0.866026
90
446.073 -341.841 144.638 
2.801433e-06 -1.0 -9.982325e-07 0.866026 1.926999e-06 0.499999 -0.499999 -2.265209e-06 0.866026
50
201.85 -292.526 143.702 
0.556655 -0.765859 0.321862 0.663362 0.643008 0.382742 -0.500086 0.000456 0.865976
50
202.529 -292.722 143.191 
0.556674 -0.766043 0.32139 0.663413 0.642789 0.383022 -0.499998 -3.574913e-06 0.866027
60
253.03 -328.082 143.215 
0.433016 -0.866025 0.249997 0.749999 0.500001 0.433012 -0.499998 -3.845134e-06 0.866027
70
308.912 -354.138 143.229 
0.296202 -0.939692 0.171007 0.813798 0.342022 0.469845 -0.499998 -3.537182e-06 0.866026
80
368.472 -370.095 143.237 
0.150387 -0.984807 0.086822 0.852869 0.17365 0.492403 -0.499999 -2.969012e-06 0.866026
90
429.902 -375.468 143.242 
2.974826e-06 -1.0 -1.043909e-06 0.866026 2.054323e-06 0.499999 -0.499999 -2.391462e-06 0.866026
50
202.5 -292.684 143.242 
0.556674 -0.766044 0.32139 0.663423 0.642789 0.383005 -0.499984 8.488252e-06 0.866035
50
202.529 -292.722 143.191 
0.556674 -0.766043 0.32139 0.663413 0.642789 0.383022 -0.499998 -3.577718e-06 0.866027
60
253.03 -328.082 143.215 
0.433016 -0.866025 0.249997 0.749999 0.500001 0.433012 -0.499998 -3.845134e-06 0.866027
70
308.912 -354.138 143.229 
0.296202 -0.939692 0.171007 0.813798 0.342022 0.469845 -0.499998 -3.537182e-06 0.866026
80
368.472 -370.095 143.237 
0.150387 -0.984807 0.086822 0.852869 0.17365 0.492403 -0.499999 -2.969012e-06 0.866026
90
429.902 -375.468 143.242 
2.974826e-06 -1.0 -1.043909e-06 0.866026 2.054323e-06 0.499999 -0.499999 -2.391462e-06 0.866026
